0.19952302636443153
0.6309211634703631
0.6825939235823555
0.437207913062999
0.48017453649326447
0.7875564331695206
0.7617307726608633
0.02245433752923931
0.5666040979019002
0.6660415918998653
0.6393688176582538
0.6082031952964196
0.8748055974472765
0.4407430857570793
0.7753665291918702
0.990683158131101
0.08581963684527438
0.038590339896712345
0.33564928582526676
0.10333264776056106
0.1428780494300801
0.33172179859229045
0.548273832940101
0.6558339612146659
0.02073620746285354
0.8636053274453062
0.6678501160713088
0.4039193829725779
0.6695245298270269
0.8408513177321738
0.9656709298839476
0.5377504551342143
0.10163851256893863
0.33498158267453704
0.2738787586686411
0.7491684098762922
0.5497670424551688
0.2939722084839915
0.43022176071262574
0.8076812310743618
0.8545953475439646
0.7965243516962162
0.886630095828257
0.38218175252989817
0.13664164517636368
0.5538887553840987
0.5729506707383204
0.9403274265786662
0.23331086596672457
0.7116793463390796
0.0802883072910634
0.32325000206931487
0.14311222809859592
0.30156475127923243
0.20594165937128228
0.23344644111442703
0.9053685754994861
0.20635233474119719
0.2879763038357973
0.8297394801658973
0.16452103478915292
0.0773233269785849
0.8850559274904324
0.6511328215521558
0.9632305195833167
0.34986301631742733
0.6962134460037075
0.6647724731003135
0.5314015561202642
0.6906068861351546
0.7093394070567381
0.7483417344105736
0.9248272966838761
0.021156937048637636
0.5498237562821842
0.4783607284284498
0.107205414856537
0.09813242270396427
0.7397269332224025
0.011061211809090032
0.8645562924715483
0.31558250208856453
0.07798056607232118
0.7061661724671067
0.7931754164296277
0.05789789213271457
0.4513327502483131
0.6352816601714893
0.6804337524719036
0.35843679459898214
0.27736813112976133
0.11362409522663164
0.5843088154184599
0.988337232255704
0.2629203340385876
0.13312068956058776
0.4223172906269249
0.5932770357186835
0.4265721496966114
0.16801237493832066
